# oST version 5.0 parameters


[image]

width
1280

height
720

[narrow_stereo]

camera matrix
1046.538165 0.000000 678.570634
0.000000 1042.738090 356.671004
0.000000 0.000000 1.000000

distortion
0.051849 -0.106463 -0.003492 0.002105 0.000000

rectification
1.000000 0.000000 0.000000
0.000000 1.000000 0.000000
0.000000 0.000000 1.000000

projection
1050.096558 0.000000 681.458826 0.000000
0.000000 1049.538452 354.322485 0.000000
0.000000 0.000000 1.000000 0.000000
